>> R

R =

    0.0855    0.9289    0.2373    0.5211
    0.2625    0.7303    0.4588    0.2316
    0.8010    0.4886    0.9631    0.4889
    0.0292    0.5785    0.5468    0.6241

>> G

G =

    0.6791    0.0377    0.0987    0.1366
    0.3955    0.8852    0.2619    0.7212
    0.3674    0.9133    0.3354    0.1068
    0.9880    0.7962    0.6797    0.6538

>> B

B =

    0.4942    0.8909    0.0305    0.9047
    0.7791    0.3342    0.7441    0.6099
    0.7150    0.6987    0.5000    0.6177
    0.9037    0.1978    0.4799    0.8594

>> V = 0.615*R - 0.515*G - 0.1*B

V =

   -0.3466    0.4627    0.0920    0.1597
   -0.1202   -0.0401    0.0729   -0.2900
    0.2319   -0.2397    0.3696    0.1839
   -0.5812   -0.0740   -0.0618   -0.0388

>> R1

R1 =

  4×4 uint8 matrix

    22   237    61   133
    67   186   117    59
   204   125   246   125
     7   148   139   159

>> G1

G1 =

  4×4 uint8 matrix

   173    10    25    35
   101   226    67   184
    94   233    86    27
   252   203   173   167

>> B1

B1 =

  4×4 uint8 matrix

   126   227     8   231
   199    85   190   156
   182   178   128   158
   230    50   122   219

>> V1 = 0.615*R1 - 0.515*G1 - 0.1*B1

V1 =

  4×4 uint8 matrix

     0   118    24    41
     0     0    18     0
    59     0    94    47
     0     0     0     0

>> 